Optimization Algorithm: Particle Swarm Optimization
Best parameters found:
k_pid_pos: (1.1240132388824793, 0.0, 0.13876467462646516)
k_pid_alt: (1.1906124771490294, 0.0, 0.015940368883932323)
k_pid_att: (15.308487751735063, 0.0001, 0.6367723627933443)
k_pid_yaw: (0.5, 1e-06, 0.1)
k_pid_hsp: (0.1277749417187626, 0.003285240848406342, 0.0)
k_pid_vsp: (400.0, 43.914824636018764, 17.372206539015906)
Best cost value: 159.146557342282
Total optimization time: 15:19:38
N iterations: 3000
Max sim time: 150.00 seconds
Avg step time: 18.39 seconds

----------------
Simulation parameters:
dt: 0.008
simulation_time: 100
frame_skip: 30
threshold: 2.0
target_shift_threshold_distance: 2
noise_annoyance_radius: 14
max_rpm: 3000
n_rotors: 4
max_roll_angle: 30
max_pitch_angle: 30
max_yaw_angle: 30
max_h_speed_limit_kmh: 50.0
max_v_speed_limit_kmh: 20.0
max_angle_limit_deg: 30.0
anti_windup_contrib: 0.4
norm_params_path: Rotor/normalization_params.pth
rotor_model_path: Rotor/rotor_model.pth
k_pid_yaw: [0.5, '1e-6', 0.1]
k_pid_pos: [0.7, 0.01, 0.09]
k_pid_alt: [0.7, 0, 0.1]
k_pid_att: [20, 1, 0.01]
k_pid_hsp: [1, 0.01, 0.01]
k_pid_vsp: [150, 10, 1]
m: 5.2
I: [0.0038, 0.0038, 0.0071]
d: 7.5e-07
l: 0.32
Cd: [0.1, 0.1, 0.15]
Ca: [0.1, 0.1, 0.15]
Jr: 6e-5
world_data_path: Worlds/green_area.pkl
dnn_model_filename: Noise/lookup_noise_model.npy
empa_model_filename: Noise/model_coefficients.npz
empa_model_scaling_filename: Noise/scaler.joblib
rpm_reference: 2500
